problem_set_number: 7
problems: 100
data:
 - problem: 1
   correct_answer: 25
   transactions: [4, 10, 2, -7, -7, 10, -2, 10, 8, 9, 0, 9, -10, -6, -5, -8, -2, -3, -4, -5, 7, 6, 3, 10, -5, -8, 3, -5, -3, -1, -10, 5, 9, 0, -6, -3, 3, 7, -3, 1, 7, 9, 8, 0, 8, 1, -9, -1, -9, -3, 0, -9, 0, 7, -9, 2, 10, 2, -8, -7, -10]
 - problem: 2
   correct_answer: 25
   transactions: [10, 2, 9, 5, -9, -10, -2, -3, -2, 9, 3, 4, 0, 7, 6, 0, 0, -1, 5, 8, -1, 8, 2, -10, 7, -4, -8, -6, -1, -4, -3, -9, -1, -8, 3, 8, -6, 5, 5, -1, 4, 2, -6, 2, -10, 4, -6, 9, -10, 7, -2, -3, -5, 2, 2, 9, 6, -7, -6]
 - problem: 3
   correct_answer: 26
   transactions: [10, 8, 10, 3, -3, -2, 10, 8, -10, -9, -10, 5, 1, 10, 10, 3, 5, -8, 0, -2, -2, -4, -6, -5, -1, -6, -7, 1, 8, 9, -7, 4, 2, -2, 0, -10, -9, -4, 6, 0, 3, -6, 8, 10, 9, 3, 7, 0, -9, 1, -5, 9, -1, 7, -5, -7, -5, -9, 10, 2, 0, 10, 2, 9, 2, -5, -7, 9, -8, 10, -6, -9, -7, -5, 6, 6, -2, 6, -10, 9, -1, -2, -5, -6, -9, -7]
 - problem: 4
   correct_answer: 36
   transactions: [8, 5, 9, -3, 10, 8, -1, -3, 9, -9, 9, 5, -7, 6, -8, -9, 8, 6, -6, 5, 5, 3, -4, -1, -1, -7, -2, 8, 0, -5, 10, 2, 3, 5, 6, -1, -7, 6, 9, 0, 0, -4, -3, -4, -10, 10, -5, 0, 7, -3]
 - problem: 5
   correct_answer: 39
   transactions: [9, 7, 8, 8, 0, -10, -3, 4, -8, -3, 6, -9, 10, -1, 8, -6, -8, -5, -4, 9, -10, 1, 9, 1, 9, 7, 4, 6, 6, -6, 6, 0, 6, 4, 3, -1, -10, -4, 10, -3, 5, 3, -5, -9, -6, 8, 5, 7, 8, 10, -10, 2, -8, -6, -4, 10, 8, 4, 0, -6, 9, -7, 10]
 - problem: 6
   correct_answer: 36
   transactions: [1, 5, 7, 10, 9, 1, -8, -2, -6, 3, 7, 5, -1, 4, 4, -1, -4, -5, 6, 2, 10, 4, 6, 3, 2, -1, -2, 5, 7, -7, -6, -10, -7, 5, 7, -10, 8, -3, -7, 9, -4, -10, -7, 7, -4, -6, -3, 0, 6]
 - problem: 7
   correct_answer: 14
   transactions: [2, 10, 1, -7, 10, -7, 1, -4, 7, -3, -3, -4, 9, -3, 8, -5, -3, 10, -5, -7, 6, -8, 3, -3, 8, -2, 3, -9, 10, -4, -7, 3, 0, -4, 7, 7, 5, -3, 4, -8, 3, 10, -5, -3, -7, 4, -6, 9, -8, -1, 1, -2, 0, -9, 10, -7]
 - problem: 8
   correct_answer: 49
   transactions: [4, 9, 3, 0, 3, 5, -4, 3, -4, 9, 8, -10, 9, -7, 10, -5, -6, 10, -10, 0, -4, 6, -6, 0, 10, -4, 7, -7, 2, 1, -10, 5, 0, 1, 1, -3, -4, 8, -8, -9, 5, 0, 3, 7, -8, 3, -3, -7, -5, 9, -8, 10, 1, 8, -9, 7, 10, -9, -8, 0, 0, 8, 7, -6, -9, -4, 5, 3, 3, 3, -4, 10, 10, -5, 8, 8, 2, 1, 8, 0, -5, 0, 8, 3, 0, 10, 3, 3, -2, 10, -8, 3, 0, -8, 10, -10, 3, -3, 9]
 - problem: 9
   correct_answer: 32
   transactions: [8, 5, 7, -8, -8, 4, 1, 6, -1, 3, 9, 4, -5, 2, -3, -3, 6, -1, 9, -3, 4, 8, 6, 6, 7, -10, -7, -10, 9, -2, -8, -10, -5, -9, -10, 7, 0, 7, -9, 7, -8, 0, -2, 7, -8, 9, 9, 6, -1, 3, 8, 8]
 - problem: 10
   correct_answer: 21
   transactions: [8, 0, 10, -4, -4, 9, -6, 0, -3, 6, -6, -7, 6, 6, 5, 1, 9, 6, 3, 2, -8, -1, -5, 8, -7, 7, -7, -5, -1, -4, -9, 3, -3, 10, 4, 6, -7, -10, -2, -8, 10, -4, 5, -10, -3, 8, 9, -2, -9, 9, 4, -6, 10, -5, 6, -3, 3, -5, -4, -9, 3, 4, 2, -8, 0, -2, 4, -1, 3, 8, -6, 4, 1, 7, -1, -7, -9, 6, -2, 6, -8, -5, -2, 4, -1, -5, 3]
 - problem: 11
   correct_answer: 44
   transactions: [8, 6, 7, -9, 9, -1, 9, 10, -3, 6, 2, 6, -8, -4, 0, 4, 6, 1, -2, 3, -6, 6, 4, 0, -4, 6, 3, 8, -10, -6, 2, -4, -1, 5, -6, -4, 3, 6, 8, 7, -4, 1, -1, 10, -6, -8, -4, -2, -1, -6, -9, -3, -4, 7, -1, 4, -10, 9, -6, 4, 2, -4, -5, -4, -9, 1, 8, -4, 6, 1, 10, 5, -6, 7, -1, 6, 8, 2, -7, 10, -10, -4, 0, 9, -4, -8, 1, 2, 4, 7, -3, 10, -3, 4, 1, 9, 9, -2, 2, -9]
 - problem: 12
   correct_answer: 54
   transactions: [3, 4, 6, 4, 7, 6, 4, -3, 3, -1, 10, 8, 7, 0, 2, 6, 8, 8, -3, 7, -5, 9, 2, 6, -7, 6, 6, -10, -7, 10, 9, -9, 5, -1, 8, -9, 0, 0, -10, -6, -9, 3, 3, -4, 4, 5, -9, 3, -6, 6, -7, -4, 10, -8, 4, 3, 1, -4, -2, -1, 7, -7, 9, 1, 1, -6, -10, -8, 1, -5, 3, 7, 10, -6, 7, 9, -4, -3, 6, 10, -8, -3, 4, -7, 2, 8, 7, -2, -9, 2]
 - problem: 13
   correct_answer: 19
   transactions: [0, 1, 2, 8, -10, 8, 3, -7, 6, 10, -7, -6, 6, -6, 10, 3, 3, 8, -7, 2, -4, 10, -5, 10, -7, -1, 0, 1, 1, -8]
 - problem: 14
   correct_answer: 22
   transactions: [2, 8, 4, -7, 5, 7, -9, -5, 4, 10, -2, 8, -7, 6, 7, -8, -1, -6, 9, -8, 5, -5, 6, 3, -7, -5, -3, -7, 7, 2, -3, 2, -3, 7, -7, 10, 0, 2, 6, 6, -1, 7, -1, 6, -6, -2, -7, -7, -9, 5, 4]
 - problem: 15
   correct_answer: 34
   transactions: [2, 8, 8, -1, -8, 9, 2, 8, 6, -4, 6, 7, -9, 7, -5, 7, -9, 10, 8, 4, 2, 5, 5, -1, -8, -3, -6, 7, -6, -6, -4, 0, -2, -2, 9, -10, 3, 7, 5, 0, -1, -10, 1, -9, -2, -9, -10, -2, -6, -2, 4, 2, -3, 9, 5, -2, -1, 10, -4, -3, -4, -7, 9, 7, 5, -9, -5, 5, -5, -9, 6, 9, -3, 7, 0, -7, -5, 1, 5, 0, -2, 5, -5, -2, -8, 6, 10, 6, -10, 1, 7, -4, 6, 10, 4, 6, 4]
 - problem: 16
   correct_answer: 35
   transactions: [5, 1, 5, -8, 2, 1, 7, 9, 2, 7, -7, -2, 2, 3, 2, -10, -10, -5, 8, -5, -1, 10, 10, -7, -5, -8, 9, -7, 6, -8, 10, 2, 8, -4, -10, -1, -3, -1, 4, -8, 5, -5, 2, 1, -6, 8, 3, -2, -7, 10, 9, 2, 4, -5, 9, 7, -7, 5, 8, 7, -7, 0, -1, 4, -10, 7, 6, 7, -9, 4, -3, -7, 0, 10, 8, 2, -7, 0, 5, 5, 4, 1, -9]
 - problem: 17
   correct_answer: 51
   transactions: [0, 7, 7, 6, 2, -3, -3, 2, -7, -9, -1, 5, 8, -10, 10, -8, 0, 6, -3, -7, 9, 8, 10, -8, -5, 4, -6, 5, -9, -5, 0, 8, 9, 8, -6, 10, 0, 7, 2, 3, 10, -2, -6, -10, -9, 5, 10, -6, -1, 7, -8, 2, 10, 10, -4, 4, -3, 0, 10, -8, 5, -7, 3, 6, -1, 2, 9, 7, 8, 6, -7, 9, -3, 8, -8, -8, 10, 2, -1, -7, 5, -10, 10, -8, -7, -1, -10, -3, -2, 2, 8, -8, 1, -9, 7, 7, 3, 7, 10]
 - problem: 18
   correct_answer: 30
   transactions: [2, 3, 8, -1, 9, 7, 10, -4, 3, -4, 6, 0, 7, -9, -9, -6, -9, 7, 7, 3, -10, -2, -5, -7, 10, -2, -1, -1, -5, -2, 7, 0, -9, 2, 4, -5, 7, -8, 10, -5, 0, -3, 8, 0, 6, 9, -1, 6, -4, -3, 9, 10, 5, -6, 8, 6, 1, -10, -3, -5, 6, -1, -3, 4]
 - problem: 19
   correct_answer: 21
   transactions: [5, 8, 4, -6, 8, -6, 7, -9, 0, 8, -5, 2, 6, 10, -10, -5, 2, 9, -10, -4, 7, 4, 3, -10, -7, 8, 6, -1, -1, 2, 3, 4, 5, -10, 8, 2, -9, -4, -1, 1, 7, 9, 1, -2, -7, -1, -1, -2, -7, 8, -10, 0, 10, -9, 5, -3, -3, 8, -10, 7, -9, -1, -8, 1, -7, 5, 2, -4, 6, -8, 7, -4, -3, 6, -3]
 - problem: 20
   correct_answer: 32
   transactions: [1, 4, 8, 8, 8, -4, 6, 0, 7, -2, 10, 8, 9, -8, -7, 3, 10, -6, -4, -2, -4, -4, 1, -1, -7, 10]
 - problem: 21
   correct_answer: 70
   transactions: [9, 10, 7, 4, 5, 7, 6, -3, 3, -3, -3, -4, -8, 9, -10, 7, 8, 7, -5, -10, -9, -10, 4, 8, 10, -3, -9, 2, -5, 8, -7, -7, -1, -8, -6, 10, 4, 10, 8, 0, 0, 9, 8, 7, -7, 0, 10, -1, 5, 2, 1, 10, -1, 2, 3, -5, 2, -4, -4, -3, 1, -2, 6, 10, 4, -6, 2, 4, -9, 5, -1, 10, 6, -4, 10, 5, -3, 5, -6, 10, 7, 8, -1, 10]
 - problem: 22
   correct_answer: 37
   transactions: [6, 7, 10, 1, -7, -6, -5, -6, 3, 10, 8, -7, 8, -8, -2, 3, -6, 10, -2, -10, 7, 3, 8, 0, 8, -4, -10, 5, -3, 5, 10, 4, -9, 9, 3, -5, 10, -2, 1, 10, -3, 1, 10, 0, 3, 6, -2]
 - problem: 23
   correct_answer: 56
   transactions: [9, 8, 6, 2, 2, -10, -1, 7, 8, -7, -5, 5, 5, -2, 8, 9, 4, 1, -3, 5, 6, 0, -3, -9, -4, 10, 4, 4, 3, 7, 2, -5, 0, -5, -3, 1, 8, 8, 9, -2, 5, -1, 0, 9, -2, -8, 9, 8, 10, -10, -2, -6, -9]
 - problem: 24
   correct_answer: 22
   transactions: [10, 3, 10, -4, 7, 6, 7, 4, 1, -10, -1, -9, -10, -9, 9, -1, 0, 1, 4, 0, 4, 2, -8, -3, -10, 10, 4, 10, -10, 8, 5, -3, 6, 7, -4, 7, -10, -2, 1, -2, -10, -5, -7]
 - problem: 25
   correct_answer: 21
   transactions: [10, 8, 5, -7, 6, 6, -4, 6, -6, 9, 8, -1, -10, -8, -2, -6, -5, 9, -8, -10, 5, 0, 10, -2, -9, -3, 10, 3, 10, -9, 3, 1, 5, -5, -5, 2, -6, 9, 7, -4, 4, -8, -8, -3, 10, 2, -8, -9, 6, 10, 4, -5, -8, -2, -6, 9, -8, 8, -5, -2, -3, 1, 6, 2, -2, 9, -9, 9, -10, 0, -2, 0, 8, -5, 10, -9, 6, -6, -5, -1, 5, -1, -5, 7, -2, 0, 6, -2, 1, -10]
 - problem: 26
   correct_answer: 64
   transactions: [3, 7, 1, -6, 9, 3, 5, 9, 10, 9, 0, 1, 7, -10, 10, -8, 6, 9, -1, 8, -10, 7, 2, 6, 5, -6, 5, 7, 3, 2, -8, -5, -3, 7, 7, 6, -7, 5, 2, -4, 9, -2, 7, 0, 6, -10, 3, -5, 6, 5, 7, -7, -3, 6, -1, 2, -1, -7, 3, -1, -6, 4, -9, 1, 1, 3, -10, -6, 1, -5, -1, 9, 7, 9, -9, 7, -10, 6, 0, 4, -1, 6, 1, 9, 7, -7, -3, 3, -10, 2, 6, 7, 1]
 - problem: 27
   correct_answer: 15
   transactions: [1, 0, 5, 4, 6, 2, -10, 5, -6, 3, 10, 10, -9, -1, 8, -3, -5, -2, -7, 2, 3, -7, -4, 7, 5, -2, -1, -7, -3, -1, 9, 0, 5, -8, 10, -3, -3, 5, -6, -4, -7, 3, 6, 2, -3, 3, -4, -2, 5, -7, -1, 4, 10, -5, -7, 10, 2, -8, 8, -6, -7, 7, -8, 8, -9, 5]
 - problem: 28
   correct_answer: 33
   transactions: [6, 10, 4, -8, -2, -1, 3, 5, 2, 5, -2, 9, 7, 6, -2, -9, -3, 8, 1, -4, 4, -1, 2, 2, -10, 7, 10, 10, 1, 0, 0, -2, 7, -6, -9, -3, -5, -7, -2, -2]
 - problem: 29
   correct_answer: 16
   transactions: [10, 0, 7, 6, -7, 6, -2, 5, -2, 0, -7, 3, -6, -2, -8, 4, 8, -2, -2, 0, 3, -6, 5, 4, 8, 4, -8, 6, -1, -7, 7, 4, -6, -9, 10, -4, 7, -6, -10, -4, 0, 6, 4, 10, -8, -8, -10, 5, 2, 9, -1, 1, -6, -8, -1, -1, 8, -7, 5, 0, 10, -4]
 - problem: 30
   correct_answer: 32
   transactions: [7, 3, 3, 1, -5, 7, 1, -2, 9, -7, -1, 6, 8, -1, 3, -6, 8, 6, -1, 7, -8, 7, -2, 7, 1, -3, 10, 4, 0, 1, -6, -10, -5, -4, -5, -8, -3, 10, 2, -9, 0, -10, -7, 7, 6, -2, 5, 2, 4, -9, 2, 5, -5, -2, -10, -3, 9, -9, 5, 2, -5, 10, 3, 6, 5]
 - problem: 31
   correct_answer: 20
   transactions: [2, 9, 5, -6, -2, -8, 3, 7, 10, -8, -5, 2, 5, 1, 6, 0, 5, 6, 2, 6, -6, -2, -10, -7, -7]
 - problem: 32
   correct_answer: 36
   transactions: [3, 1, 2, -5, -1, 8, 10, -9, -1, 6, -7, 8, -10, 8, 2, -4, -8, 5, -4, 3, 5, 10, 8, -10, 0, 6, 9, -9, -4, 8, -7, -2, -4, -2, 9, 3, -2, -5, 3, -3, -7, 10, -1, -2, 0, -9, -9, 6, 9, -9, -5, 8, 4, -7, 7, -10, 8, 5, 4, -10, -5, 9, 6, 5, -9, 7, -1, 1, 1, -1, 9, 2, 0, 0, 8, 8, 2, 9, -10, -8, -8, 10, 5, 10, -3, 5, 5, -8, -7, 6, 5, 7]
 - problem: 33
   correct_answer: 36
   transactions: [7, 4, 5, 2, 6, -9, -2, 1, -1, 7, 4, 6, 4, 1, -7, 7, -3, 8, 5, -10, 3, 4, 3, -10, 9, -9, -6, 0, 1, -4, 3, -6, 5, 7, -3, 0, 9, 3, 8, 2, 0, 8, 9, 1, -7, -10, 6, -9, -3, 10, -7, 6, -5, -8, 6, 8, 1, 5, -8, -10, 4, -7, -4, -2, -9, 2, -7, -8, -2, 1, -1, -4, -2, 10, 2, 2, -7, -2, -6, 6, 1, 1, 0, -7, -7, 4, 10, 8]
 - problem: 34
   correct_answer: 24
   transactions: [2, 10, 5, -1, 3, 9, 10, 3, -1, 7, -5, -8, -7, -8, -2, 2, 9, 1, -1, -4, 5, -3, 8, 2, 5, 6, -7, 3, -8, 6]
 - problem: 35
   correct_answer: 35
   transactions: [9, 5, 9, 9, 3, -7, -6, 9, -5, 9, 6, -7, 10, 7, 9, -6, -8, -5, 6, -6, -1, -10, 7, 2, 3, 1, 7, 8, -3, 6, -5, 6, 4, 4, -2, -7, -6, -9, 0, 1, -3, -7, 3, 2, -10, 9, -1, 3, 0, 7, -1, 0]
 - problem: 36
   correct_answer: 49
   transactions: [4, 10, 10, -1, 7, 2, 0, 3, 7, -7, 8, 5, 6, -1, -4, -8, -9, -6, 2, 9, -9, 8, 6, 8, -1, -4, -2, -8, -1, 2, -3, 4, -7, 1, -10, -2, 0, -1, 9, -10, -6, 8, -6, -1, -6, 8, 4, -1, 1, 2, 9, 2, 9, -6, 5, 9, -2, 5, -7, 3, -7, -4, 1, -4, 10, -9, 8, 5, 6, -5, 4, 3, 6, 8, 4, 1, 3, 9, -10, -5, 6, 2, 8, 6, 5, -6]
 - problem: 37
   correct_answer: 25
   transactions: [3, 5, 5, 3, 10, -3, 3, 9, -9, 3, -2, 0, 10, 3, 10, -7, -10, -3, -8, 8, -5, -5, -2, 9, -4, -8, -1, 8, 3, 1, -1, -7, -3, -3, 4, 5, 1, 10, -8]
 - problem: 38
   correct_answer: 45
   transactions: [10, 3, 9, 8, 2, 6, 10, 1, 10, -2, 10, -9, 1, 2, -4, -3, -8, -4, -2, -6, 10, 5, 4, 6, -3, 5, -10, 8, 10, 5, 10, 0, 3, 3, -3, 2, -10, 3, -5, 4, -9, 8, -8, -8, 3, -3, 9, 5, 2, -4, -10, -3, 7, -8, 1, -9, 5, 6, 5, 1, 6, -9, 6, -3, -9, -6, 2, -8, -7, 7, 8, 9, 1, 9, 3, -9, -8, 4, 8, -1, 10, -5, -8, -7, -4, -1, 2, -4, 7, 4, -8, -10, 0]
 - problem: 39
   correct_answer: 20
   transactions: [5, 1, 8, 6, 7, -6, -6, -4, 1, -1, 0, 10, 10, 2, -7, 3, -2, 10, -9, 1, 1, 9, 0, -10, -4, -8, 1]
 - problem: 40
   correct_answer: 31
   transactions: [8, 5, 8, 2, 0, 7, -7, -6, 10, 2, -9, -3, -8, 5, -9, 5, -6, -1, 2, -5, 7, 0, -7, 1, 8, 10, -2, 6, 8, 8, -5, 9, 0, -2, -10, -1, 10, 2, -10, 4, 4, -9, -4, -5, -10, 3, 9, 1, 5, -4, 3, -8, 6, -10, -7, 3, 2, 2, -5, -2, 5, -3, 1, 2, 9, 10, -1, 2, 10, -2, 4, 5, -4, -1, -2, -2, 10, 5, 4, -2, -5, -1, -9]
 - problem: 41
   correct_answer: 19
   transactions: [4, 3, 2, -2, 3, -2, 6, -7, 3, -5, 8, -3, -7, 5, -7, -1, 1, 3, 7, -7, 8, 1, -5, 0, 1, 5, -1, -4, 6, 9, 9, -3, -2, -8, 9, -1, -5, 9, -3, -8, -7, -2, 1, -4, -4, 5, -5, 9, 0, 6, 9, 5, -1, -4, -5, -6, 2, -6, 9, 5, 10, -10, -8, -4, -3, 4, -7, -8, 7, 10, 8, 4, -6, -7, 1, 0, -3, -8, 2, -3, 1, -4, 10, -3, -3, 0, -1, 8, -2, 4, -10, 4, -9, 0, 1, 8, -1, -1, 10, -4]
 - problem: 42
   correct_answer: 28
   transactions: [3, 5, 2, -8, 7, 10, 9, 9, -4, 1, 2, 2, 6, -9, -7, -1, -6, 7, 1, -5, -6, -1, 10, 6, -10, -1, -4, 5, 7, 5, 2, 9, 10, -3, -2, -5, 1, -2, -2, 1, 4, -7, -9, -5, 8, -6, 3, -4, -4, 4, -3, -2, 10, -4, 5, -4, 0, 6, -8, 2, -9, -5, -1, -5, -6, 8, -1, 1, 3, -8, -4, 10, -1, -5, 2, 4, 5, 10, -8, 3, 7, -10, -3, 7, -5, -7, -9, 4, 9, 7, 9, 4, 9, 7]
 - problem: 43
   correct_answer: 23
   transactions: [2, 9, 5, 6, 0, 0, -9, -6, -3, 9, 2, -9, 6, 1, 8, -6, -5, 7, 6, 4, 6, 7, -9, -3, 9, 5, -8, -5, 7, 0, -6, -3, 4, 8, -1, -8, 2, -9, 1, -7, -9, 9, 9, 9, 10, -6, -3, 0, -3, -9, -7, -4, 5, -4, 4, 6, -6]
 - problem: 44
   correct_answer: 26
   transactions: [9, 7, 6, -9, 10, -3, 1, -8, -2, -9, 3, 0, -4, -1, 1, 10, -2, 0, -1, 9, -1, 9, 4, 6, -9, 2, -2, 0, 8, -9, 3, 0, 2, -1, 6, -1, -8, -5, 7, -8, -8, -8, 0, 3, -7, 10, -9, 9, -2, -8, 10, 3, 9, 5, 3, -9, 8, -2, 4, -6, -7, -2, 4, 1, -2, -10, -9, 1, 7, -7, 2, 5, 4, -4, 10, -10, -2, 1, -5, 5, 2, -9, 10, 10, 9, 10, -10, 3, 9, 8, 3, -6, -8, -7, -1, 3]
 - problem: 45
   correct_answer: 34
   transactions: [2, 7, 10, 9, 10, -2, -4, 0, -5, 7, 8, 1, -6, -3, 2, 3, 0, -9, 3, -7, -5, -2, 10, 0, -4, 10, -6, -10, -4, -2, 8, 8, -8, 6, -1, 1, 3, 5, 1, -1, 3, 1, 8, 4, -1, -1, 1, -5, -3, 2, 8, -10, 8, -1, 9, -2, 5, 2, 4, 0, -8, 7, -8, -8, -6, -4, 3, -6, -6, -10, 2, 9, 4]
 - problem: 46
   correct_answer: 16
   transactions: [3, 9, 2, -8, -2, -1, 5, 10, -2, 8, -5, -5, -9, 8, 10, -10, 8, 2, -10, -5, 0, 8, -1, 1, 4, 1, 1, -10, 0, 6, -7, 7, 0, 3, -7, -4, -7, 9, -7, 0, -3, 9, 4, -4, 6, -3, 10, -8, -1, 6, 9, 1, -1, -2, -10, -1]
 - problem: 47
   correct_answer: 26
   transactions: [3, 7, 6, -5, -9, 5, 4, -2, 0, 10, -9, -6, 2, 8, 8, -3, 4, 0, 0, 5, 7, 8, -2, 7, 3, -5, -10, -3, 3, -5, -7, 8, 5, 6, -5, -4, 3, 10, -4, -9, -9, 2, -8, -5, -10, 10, 6, 3, -1, -4, -9, 7, -3, -4, 7, -3, 1, -3]
 - problem: 48
   correct_answer: 31
   transactions: [9, 3, 6, -2, 9, -10, -8, 1, 7, -7, 3, 4, -4, 5, -7, 3, 10, 9, 4, -9, 6, 4, -10, 6, 2, -2, 6, 8, -7, 7, 4, 9, -6, 0, 0, 6, 2, -8, -3, -4, -7, 7, -4, -10, -10, -10, 9, -2, 8, -7]
 - problem: 49
   correct_answer: 36
   transactions: [3, 6, 5, 10, 3, 2, 6, 1, -7, 0, 1, 4, 1, -3, 10, 5, -5, 6, 3, -10, 0, 3, 0, 10, 8, 9, -6]
 - problem: 50
   correct_answer: 24
   transactions: [4, 10, 1, 8, 3, 4, 5, 3, 0, 0, -8, 6, -10, 7, 8, -1, 7, -6, -7, 3, 7, -4, 5, -1, -4, 6, -4, 2, -9, -1, -1, 5, -9, -5, -10, 6, 1, 0, -1, 4, -1, -8, -5, 3, -8, 9, -5, 10, 9, 2, 5, -2, -5, -5]
 - problem: 51
   correct_answer: 22
   transactions: [2, 5, 4, 8, -6, 7, -7, -3, -1, 6, 0, 3, 4, 2, 8, 6, -5, 6, -4, 8, 0, -2, -10, -4, 8, -9, 2, -6, -6, 10, -9, 5, 5, -10, -4, 0, -4]
 - problem: 52
   correct_answer: 35
   transactions: [1, 7, 4, -7, 7, -7, 9, 9, 2, 5, 1, 9, 8, 6, 9, -8, -1, -4, 4, -1, 0, 9, 2, -1, 2, 5, -4, -4, -1, -8, 9, -1, -9, 1, 10, -3, 10, -2, -2, 4, -6, -5, 6, 2, -10, -9, 1, -8, 5, -5, 8, -9, 6, -4, 4, 3, -5, 5, -8, 5, -4, 1, -6, 2, -3, -6, -7, -8, 3, -1, 7, 8, -4, -9, -1, -6, 10, 3, 7, 0, -2, -7, -9, -3, -5, 10, 2, -9, 7, 2, -3, 7, -1, -7, -10, -4, 10, 9, -9]
 - problem: 53
   correct_answer: 32
   transactions: [1, 2, 10, 2, -8, 1, -1, 8, 5, 1, -3, -1, 3, -9, 8, -7, 7, -9, -1, 9, 5, -4, 5, 5, -5, -2, -9, -8, 4, -5, 2, 7, -6, -6, 0, 8, 0, 2, 7, -5, 7, -1, 2, 5, -10, -2, 9, 2, -4, -7, 0, 3, 7, 6, 2, 10, 4, 3, -9, 6, 0, 0, 4, -2, 10, -9, 2, 9, 0, -3, 5, -5, -9, 7, 9, -9, -7, -9, -5]
 - problem: 54
   correct_answer: 35
   transactions: [2, 9, 7, 6, 5, 8, -10, 7, 0, 10, 3, 0, -4, -3, -7, 3, -7, 9, 9, -7, 5, 1, -3, -7, 8, 10, -1, -9, -8, -7, -3, 0, -7, 10, 3, 3, 1, 9, 6, -4, 8, -7, 9, 10, 2, -8, -10, 1, -8, -3, -6, -5, -3, 9, 0, -2, -7, -1, -9, -9, 4, -7, 8, -9, -3, 2, 6, 6, -6, 5, -4, -5, -2, 9, -9, 4, 2, -4, 2, -3, -4, 1, 2]
 - problem: 55
   correct_answer: 41
   transactions: [7, 5, 5, 0, -7, 6, -2, -5, -4, 6, -9, 7, 6, 9, -10, 9, -10, 0, -3, -4, 5, -10, 3, -3, 6, 10, 2, 10, 9, 9, 5, 5, -6, -3, -1, 10, -4, 1, 8, -1, 1, 9, 0, 6, -9, 3, 10, -1, -6, -9, -5, -9, 1, -1, -3, -9]
 - problem: 56
   correct_answer: 46
   transactions: [5, 0, 7, -10, 8, 10, -8, 10, 3, -3, -10, 9, -3, 1, 4, 10, -6, -3, 10, -2, 9, -1, 10, -4, 9, 0, 9, 10, 0, 2, -9, 1, -10, 1, 1, 3, 9, 7, -9, 10, 8, -7, 10, -8, -8, -2, -5, 2, -5, 9, -10, -1, 7, -7, 0, -2, 2, 3, -3, -1, -2, 0, 4, 5, 10, 1, -9, 6, 7, 1, -4, -9, -3, 1, -3, -10, -5, -7, -2, -9, -2, -7]
 - problem: 57
   correct_answer: 27
   transactions: [6, 3, 4, 2, -10, 7, -8, 6, 3, -10, 9, -5, 5, 8, -1, 7, 1, 9, 10, 6, 1, 1, -2, -1, -6, -6, 1, -6, -1, -3, 7, -3, 4, 2, 2, -5, 5]
 - problem: 58
   correct_answer: 60
   transactions: [6, 9, 6, 6, 0, 10, -6, 5, -4, 6, -4, -4, -7, 10, -7, -4, -5, 5, -9, 8, -1, -7, -4, 8, 4, 8, 6, 4, 10, 9, 3, -2, -5, 3, 4, 7, 4, -1, -4, -1, 4, 4, -5, -2, -9, 6, 5, 7, 7, -10, 7, -1, 10, -6, 7, 5, 2, 3, -5, -7, -3, 3, -4, 10, -2, -2, -3, 8, 9, 5, 10, -9, -6, 0, 3, -2, 5, -9, 6, 3, 6, -8, 2, -6, -5, 4, -10, -4, -2, 2, 2, -6, -9, 9, 9, 6, 6, -5, -2]
 - problem: 59
   correct_answer: 43
   transactions: [8, 8, 2, 1, -9, -1, -6, 4, 9, -7, 4, -4, 5, -9, 7, -5, 8, -9, 3, 4, -8, 1, 2, -4, 7, 7, 1, 9, -10, 4, 3, 1, -4, 10, 4, 2, 3, -5, 1, 4, 0, 1, 10, 5, -10, -2, 9, -4, 7, 6, -9, 2, 5, -7, -7, -1, 1, 6, -5, -2, 8, 6, -1, 7, -1, 7, 9, 5, -8]
 - problem: 60
   correct_answer: 18
   transactions: [10, 5, 5, 10, 0, -8, 6, 0, 2, -4, 3, 6, -5, 2, 0, -10, 1, -3, 9, -1, 0, -5, -5, -3, -4, 9, 6, -4, 8, 1, -10, 2, -3, 3, 1, 2, -9, -1, -10, -1, -2, -1, 5, -6, 1, 9, -7, 3, 9, 4, -9, 2, -9, 7, -2, -4, -1, 8, -8, 5, -8, 10, -3, 1, -8, 9, 10, -6, -7, 7, 7, 4, 9, -9, -3, -1, -8, 3, 1, -3, 10, 7]
 - problem: 61
   correct_answer: 37
   transactions: [3, 1, 1, 7, 3, -4, 4, 7, -9, -6, -1, -5, 10, -7, 8, 3, -1, -4, 6, -8, 10, 6, 5, 8, 6, -6, 8, -3, -7, 7, 7, -5, -4, 7, -7, -5, -2, 4, 8, 5, -2, -5, 5, 3, 4, 9, 10, -6, -8, -3, 4, 0, -6, -10, -10, 7, 7, 2, -1, -2, -9, -9, 1, -8, 6, -4, 5, 8, -5, 0, -8, -1, 9, 8, -5, -1, 1, -2, -9, -4, -10, -5, 10, 1, 7, 4, -6, -4, -1, 8, 5, 4, 6, -5, 10, -6, -3, 10]
 - problem: 62
   correct_answer: 21
   transactions: [10, 2, 8, -2, 4, 9, 0, 1, -5, 2, 3, -10, -7, 9, 10, -3, -4, 6, -7, 5, -2, 2, 7, 0, 3, -10, -10, -10]
 - problem: 63
   correct_answer: 50
   transactions: [7, 3, 1, -5, 9, 1, -8, 8, -3, 3, 1, 6, -6, 8, 8, -9, 6, 4, 4, -2, -5, 9, -4, -7, -1, -9, 8, 3, 8, 1, -7, -9, 10, -5, -7, 10, 7, 6, -10, 9, 8, 0, -7, 0, 10, 8, -7, 10, 2, 8, 1, 10, -9, 10, 10, -1, 1, -5, 2, -2, 8, -7, 0, -9, -5, 3, 1, -10, -9, -7, 9, -7, -10, 9, 1, 2, 7, 6, 4, -1, 9]
 - problem: 64
   correct_answer: 17
   transactions: [0, 10, 6, 2, 2, -5, 3, -4, -7, 7, 4, -1, 6, -5, 10, -9, 2, -10, -10, 8, 5, -3, -1, 1, 9, 0, -8, 0, 5, 0, 0, 5, -2]
 - problem: 65
   correct_answer: 45
   transactions: [10, 0, 2, 10, -1, 2, 9, -5, 9, 3, 3, 6, 7, 6, 1, -1, -1, -6, 9, 8, -1, 2, 7, -8, -10, 5, 7, -4, 5, 1, 9, -9, 9, -1, 2, 4, -4, -9, -4, 2, -6, -8]
 - problem: 66
   correct_answer: 38
   transactions: [10, 8, 2, 7, 10, -1, 9, -9, 2, 6, 0, 10, 7, 8, -3, 2, 5, -4, -3, 10, -6, -10, -7, 5, -10, -3, -8, 10, -9, 5, -7, -8, 10, 5, 2, 4, 7, 2, 4, -3, -10, -10, -3, 9, 2, 3, -8, 5, 1, -7, 10, -10, -8, -5, 10, -4, -9, 0, -8, -8, -9, 0, 6, 1, 9, -6, -5, 0]
 - problem: 67
   correct_answer: 14
   transactions: [4, 6, 6, 6, -9, 1, 9, 0, -6, 4, -8, 4, 10, -1, 0, -4, -3, 6, -7, 3, -6, -10, 2, 10, -1, -8, -4]
 - problem: 68
   correct_answer: 67
   transactions: [1, 1, 4, 6, 2, -7, 9, 4, 9, 9, 2, 6, 0, 7, -9, -6, 8, 9, -4, 2, 3, -2, 5, 8, 5, 6, 10, 5, 9, 5, -6, 4, 9, -7, -6, -2, 9, -1, 7, 4, 5, 10, -4, 1, -9, -1, -6, -8, 9, 7, 1, -9, 6, -3, -10, -6, 6, -7]
 - problem: 69
   correct_answer: 12
   transactions: [6, 1, 4, 0, 9, -7, -10, 10, -3, 4, 3, -9, -2, 1, 5, -4, 1, -5, 9, -7, 9, 4, -3, 3, 4, -2, -2, 3]
 - problem: 70
   correct_answer: 19
   transactions: [4, 6, 8, 5, 0, -2, 3, 0, -7, -4, 1, 1, -6, -5, 1, 8, 5, -7, 4, 0, 3, -10, 2, 1, 9, 0, -7, -7, 10, -9, 10, -7, 9, 1, 6, -6, 5, 5, 4, 3, -5, -5, -2, 10, -4, -1, -10, -10, 6, -7]
 - problem: 71
   correct_answer: 17
   transactions: [4, 3, 3, 9, 5, 2, 7, -7, -8, 1, 0, -6, 10, -8, 1, -10, 7, -2, -1, -3, 0, 8, -8, -5, 10, -8, 2, 4, 2, -10, 9, 4, 7, -3, 0, 9, -2]
 - problem: 72
   correct_answer: 26
   transactions: [2, 10, 1, 7, -8, 4, 1, -5, 6, 2, -6, -3, -4, 9, 3, 3, -10, 7, -9, 6, 2, 1, 1, -1, -2, 6, -1, 9, 4, 4, 3, -9, -6, -8, -6, 1, 4, 10, -4, 6, 8, 2, 5, 7, -1, -3, 2, 0, -9, 2, 8, -9, -8, -9, 1, -5, -10, 6, -2, 5, 3]
 - problem: 73
   correct_answer: 36
   transactions: [1, 7, 10, -8, 1, 1, 7, 10, 8, 7, -3, 9, -2, -4, 7, -5, 4, 1, 3, -1, 1, 2, -4, 4, 7, 4, -4, 8, -2, -6, -5, -10, -9, 4, -1, 8, -9, 8, -10, 7, 5]
 - problem: 74
   correct_answer: 32
   transactions: [4, 4, 6, 10, 7, 9, 1, 6, -7, -9, 10, -5, 8, 1, 0, 0, -8, 3, -7, 3, -10, 2, 1, -9, -3, -4, -8, 0, 3, -6, 3, 7, -8, 10, 9, -7, -2, 6, -4, -4, -2, 10, 0, 5, 1, -2, -3, 0, 9, -10, -4, 10, -5, 2, -1, 1, 8, 9, 5, 2, 10, 3, 4]
 - problem: 75
   correct_answer: 31
   transactions: [1, 1, 2, 3, 10, -6, 0, 0, 5, 5, 7, -6, -9, 4, 3, -4, -3, -1, 8, 2, -8, -2, 6, -10, -7, 9, 9, -7, -4, 4, 10, 3, 8, 3, -4, 2, 2, -4, 6, -2, 10, -9, 1, -3, -9, 0, 10, -9, -3, 1, -8, 2, 0, -10, 4, 3, 1, 8, 0, -6, 7, -8, -9, -8, 6, 1, -4, 9, 9, 10, 10, 2, -4, 10, 6, 3, 3, -2, -9, -10, 8, -9]
 - problem: 76
   correct_answer: 19
   transactions: [3, 10, 7, 5, -2, -8, -5, 0, 5, 4, 7, 9, 3, -10, -8, -3, 2, 3, -3, 7, -9, -3, 8, -10, 8, -4, 3, 1, -2, 10]
 - problem: 77
   correct_answer: 46
   transactions: [8, 8, 3, 0, 7, 8, 6, -6, 7, 4, 7, -6, 2, -7, 5, 7, 3, 7, 8, 6, 8, -2, 2, -4, 0, 10, -7, 0, 4]
 - problem: 78
   correct_answer: 28
   transactions: [1, 4, 8, -2, -7, -4, 4, 9, 8, 6, 3, -6, -2, -6, -6, 6, -1, -5, -5, 6, 9, -1, -1, 2, -7, 1, 3, 2, -5, 9, -5, -5, 4, -1, -9, 8, -4, 4, 2, -6, -3, 3, 6, 3, 7, -1, -7, -3, 4, 3, 4, 10, 10, -2, 6, 4, -7, -5, -7]
 - problem: 79
   correct_answer: 41
   transactions: [3, 7, 3, 8, 7, -5, 5, -3, -6, 2, 1, 6, -6, -10, 2, -10, 4, -5, 6, 6, -6, -5, -3, -1, 4, 5, -8, 1, -2, 1, 4, -3, -1, 2, -2, 5, -1, 8, 1, 1, 9, 5, 3, 9, -8, 5, -9, -2, -6, 9, 2, -2, 10, 5, -10, -4, 4, -2, -7, -2, -3, -7, 3, 10, 2, 6, 6, -8, 3, 4, -8, 5, 6, -4, 4, -3, 5, 5, 7, 9, 6, 4, 6, -6, -4, -7, -7, 0, 5, -2]
 - problem: 80
   correct_answer: 49
   transactions: [9, 2, 3, 0, 4, 7, 8, -9, -9, 7, -6, 5, 2, 10, -7, 10, 9, 0, -6, 0, -8, 3, 4, 6, -10, 9, 3, -4, 6, 8, -6, 2, -7, 6, 10, 5, 7, 1, -7, 5, 7, 10, 8, -9, 4, -6, 5, -4, 6, -5, 9, 1, -6, -4, -3, -4, 0, -2, 8, -2, -4, -1, -6, 7, -5, -8, -9]
 - problem: 81
   correct_answer: 16
   transactions: [3, 0, 3, -6, 7, 10, -10, 4, 2, -7, 10, -2, -8, -2, 4, -1, -2, 8, -7, -3, 5, -4, -1, 10, 9, 6, 2, 1, -10, 0, 7, -2, -8, 5, 6, -8]
 - problem: 82
   correct_answer: 36
   transactions: [3, 5, 5, 0, -6, -3, 1, 0, 3, 10, 4, 0, -9, -8, 1, -1, 6, -2, 6, 3, 9, -2, 10, -9, -5, -6, 7, -4, -4, -9, 9, 0, -2, -8, 2, -4, 4, 3, 8, -3, -4, -7, 10, -8, 5, -6, 7, -4, 4, 0, 4, 6, -1, 5, -6, 2, 4, 6, 5, 6, 4, 5, 2, -4, 0, -1, 8, 10, 3, -7, -2, -10, -3, 10, 6, -2, 5, -4, -8, 7, -3, -4, 8, -8, 7, 7, 0, 4, -5, 1, -9, -6, -10]
 - problem: 83
   correct_answer: 15
   transactions: [7, 10, 0, -10, 4, -3, 3, 8, 10, -1, -10, -7, -1, 7, -5, -8, 10, -8, -1, -2, -1, 6, -5, 6, -8, 9]
 - problem: 84
   correct_answer: 26
   transactions: [0, 5, 8, 7, -1, 9, 1, 1, 3, 8, 9, 2, -4, -5, 0, -5, -10, 10, -8, -8, 3, 8, 5, 8, -1, 0, 7, -3, -1, -5, -1, 3, 6, -8, 5, -8, 1, -10, 8, 10, 2, -9, -7, -3, 8, -3, 10, 0, -2, -1, 5, 0, -6, 0, -6, 4]
 - problem: 85
   correct_answer: 42
   transactions: [5, 6, 5, -1, -5, 9, -9, 7, -6, -7, 6, 5, -2, 8, 9, 0, 7, 4, 0, 8, 6, 6, -8, 3, 4, -3, 6, 10, 3, 1, -4, 6, -3, 2, -8, 9, 4]
 - problem: 86
   correct_answer: 43
   transactions: [10, 10, 6, -8, -5, -10, 9, 5, -4, -5, 6, 7, -6, -5, 6, -10, 3, 10, 9, -4, 9, 4, 7, 8, 8, 10, 9, -3, 10, -10, 4, -4, 6, -3, -3, -9, -2, 5, 1, 2, 6]
 - problem: 87
   correct_answer: 37
   transactions: [4, 2, 4, -7, 6, 2, -9, 6, -1, -6, 2, 6, 9, 8, 8, -4, -4, 9, 7, -10, -3, 2, 0, 4, 7, 9, -8, 7, 10, 6, 4, -9, 4, -9, 10, 7, -5, -5, -3, -8, 4, -9, -9, -8, -7, 6, -10]
 - problem: 88
   correct_answer: 22
   transactions: [8, 5, 2, -5, -6, -2, 3, 10, -3, 6, -8, 7, 4, 9, -6, -3, 2, -10, -4, 4, -1, -5, -5, 7, 1, -2, 7, 6, -10, 1, 5, 8, 6, 9, 2, 0, 0, -1, -8, 1, 6, 2, -5, 2, 4, -6, 1, -1, 6, -10, -6, 9, 1, -8, -4, -8, 2, 6, 7, -10, -1, 4, 0, 2, 10, -5, -4, 0, -4, -10, 6, -1, -8, -10, 2, 7, 2, 1, -4, -5, 10, 8]
 - problem: 89
   correct_answer: 18
   transactions: [8, 1, 2, 2, -8, 3, 7, 9, 1, -7, 2, 4, -1, 4, -2, 1, -2, -10, 1, 9, 9, -3, -8, -1, -5, 3, 8, -5, -7, -9, 3, -5, -3, 4, -3, 10, -9, 5, 8, -9, 4, -2, 10, 6, 4, 6, -3, -2, -8, -9, 10, 5, 0, 8, -4, -6, 6, -8, -8, -5, 6, 3, 2, -10, -8, -4, 8, 7, 1, -10, 9, 8, -3, -5, 2, 4, -8, -2, -10, 2]
 - problem: 90
   correct_answer: 14
   transactions: [6, 10, 4, -6, 10, -9, -7, 4, -6, 4, -1, 2, 2, -5, 1, -7, -2, 3, 3, 7, -1, 8, -1, 0, -5, 7, -5, -5, 1, 0, -10, 5, -1, 8, -6, -4, 3, -5, 6, 10, 4, 0, -10, -1, -2, -5, 9, -8, -2, 6, 1, 2, -3, 1, 5, 8, -5, 2]
 - problem: 91
   correct_answer: 27
   transactions: [7, 6, 3, -6, -10, 6, -3, -3, 7, 10, 8, -3, 2, -10, 7, 2, 0, 7, -2, 5, 7, -8, -5, 1, 10, 4, -6, 6, 2, 9, -10, 3, 5, -8]
 - problem: 92
   correct_answer: 16
   transactions: [7, 10, 9, -2, -3, 10, -7, -4, 4, -10, -9, -1, -4, 1, 10, 6, -7, -6, -2, 0, 8, -2, 9, 0, -10, 7, -10, -2, 7, 0, -1, 9, 2, 1, -3, 2, -5, 1, 7, -6, -8, -3, -5, 6]
 - problem: 93
   correct_answer: 40
   transactions: [7, 3, 3, -4, 0, 4, 6, -9, -6, 10, -6, 8, 3, 4, 8, -4, 4, -7, -8, -2, -8, 5, 9, -8, 1, -3, 2, -3, -5, 3, 8, 7, -9, 8, 10, 6, 2, 2, 4, -2, -6, 8, -8, -3, -3, -1, 4, 1, -5, 10, 10, -7, 6, 9, 8, -5, 8, 4, 6, -9, 5, -9, -1, -8, 6, 4, 4, -7, -8, -5, 8, -9, 5]
 - problem: 94
   correct_answer: 34
   transactions: [4, 0, 9, 1, -4, -1, 2, -4, 7, 5, -6, -10, 5, 5, -1, -8, -4, 4, 5, -5, 7, -2, -6, 6, -3, -4, -2, 7, 4, -10, 2, 9, -5, 5, 0, -4, 8, -8, -3, -1, 7, 10, -8, 7, 4, 7, -6, -5, -3, 4, -4, -5, 2, 3, -3, -2, -4, -5, 10, -4, 10, 0, 6, 6, -2, 8, -6, -6, -3, 9, 0, -2, -6, 9, -1, 7, -10, -2, -3, 3, 5, 10, 9, -9, 8, 0, 5, 9, 5, -5, 0]
 - problem: 95
   correct_answer: 20
   transactions: [4, 7, 4, -6, -1, 6, -6, 9, 9, -3, -1, 2, 3, -8, -4, 2, 7, 5, 10, 0, -5, -9, 3, 6, -4, -8, 8, -8, 7, -8, -6, 10, -3, -2, -5, -3, -9, 6, -6, 10, -1, -8, 8, -10, 7, 2, 4, 7, 9, -5]
 - problem: 96
   correct_answer: 42
   transactions: [2, 10, 1, -7, -1, 6, -5, 9, 9, 9, 6, 10, -3, 6, -3, 0, -7, 2, 7, -6, 7, -10, 3, 0, 2, -6, 2, -1, -3, 8, -1, -8, 9, -8, 10, -3, 10, 3, -8, 9, 8, -6, -7, 9, 0, -10, -6, -5, 9, 7, -4, 5, 7, 9, 8, -6, 2, -9, 1, -4]
 - problem: 97
   correct_answer: 84
   transactions: [1, 5, 9, 3, -8, -3, -6, 5, -6, 6, 6, -7, 8, 10, -10, 7, 5, 5, 6, 1, 2, 2, 10, 6, 1, 5, 9, 5, 1, 1, 3, 4, -5, -6, 8, 10, -5, -3, 4, 7, -4, 2, -1, 10, -8, 10, 7, 6, -9, -5, 9, -3, -5, -1, -6, 0, 4, 7, 10, -7, 9, 8, -5, 3, -1, 5, -6, -7, -9, 6, 8, -4, 2, 2, 8, -5, 5, -1, -4, 3, 7, 8, 10, 3, 3, -6, -3, 9, 4, 3, -9, -6, 4]
 - problem: 98
   correct_answer: 33
   transactions: [8, 2, 3, 6, 6, -10, 4, -1, -7, 10, -3, 7, 8, 10, -2, -7, -9, 4, 7, 9, -6, -9, -2, -6, 7, 5, 4, -9, 5, -6, -4, 7, 6, -3, 3, -3, 0, 4, -8, -9, 10, -8, 7, 9, 10, -1, -5, -7, -8, 9, -10, 5, 5, 10, 4, 1, 4, 8, 1, -6, -8, 2, -6, 0, -8, 10, -9, -8, 6, -1, -4, 2, 4, 5, 10, 7, 2, -4, -10, -5, 0, 0, -6, 6, 6, -7]
 - problem: 99
   correct_answer: 39
   transactions: [5, 4, 10, -6, 3, -8, -3, 5, -8, 6, -7, 7, -5, 3, 5, 2, -8, 9, 4, 1, 10, -1, 3, 9, 0, -6, 8, -3, 6, 5, -7, 4, 8, -7, 8, 4, 8, -5, 8, 2, -4, 8, -5, -4, 2, -2, -7, -9, 9, -5, -8, 7, 3, -9, 3, -8, 10, -6, -8, 6, -9, -4, 4, -6, -6, 4, -10, 5, -7, 7, -3, -5, -6, -10, 5, 9]
 - problem: 100
   correct_answer: 17
   transactions: [0, 4, 8, 9, 10, -10, -1, -1, -2, 1, -9, 7, -1, 2, -1, 4, -8, 6, 1, -1, 3, 5, -10, -8, 0, 0, 4, 7, 1, 3, -6, 3, 0, -3, 9, -5, -10, -6, 3, 1, -2, -6, 9, -10, 0, 9, -5, -3, 6, 2, -1, 0, 7, 9, -2, -3, -7, 9, -9, -2, 8, 2, -2, -1, -10, 2, -7, 2, 10, -9, -2]
